74,160,71,159,68,159,65,159,62,160,59,161,58,164,58,161,56,163,55,165,54,168,54,171,55,175,57,178,58,180,60,182,62,184,64,186,66,187,68,188,71,189,74,189,77,189,80,189,83,188,86,187,88,185,90,182,91,179,90,177,90,175,88,173,88,175,88,177,88,179,87,181,87,179,87,176,86,172,85,169,84,167,83,165,79,162,77,161,255,
89,131,96,131,98,133,99,135,101,136,101,138,103,140,105,142,105,145,104,147,103,149,104,151,104,153,104,156,103,158,103,161,103,165,101,164,100,166,100,170,98,170,96,172,94,173,93,175,91,175,91,178,91,180,91,183,90,185,88,187,86,188,83,190,80,190,77,191,74,191,70,190,67,189,64,187,61,185,59,184,58,182,56,180,54,177,54,175,53,172,53,170,51,168,49,166,46,162,45,159,45,156,44,153,44,151,46,153,48,155,48,150,48,148,49,146,51,148,53,154,55,160,57,161,59,159,61,159,61,157,61,155,59,155,60,153,61,150,60,148,59,146,59,144,59,141,61,139,63,139,63,137,64,135,66,135,67,133,69,132,72,132,255,
66,157,65,154,64,152,64,150,65,147,62,146,60,146,62,148,63,150,61,152,61,154,62,156,62,158,64,158,66,157,255,
69,149,69,147,67,147,65,147,65,150,65,152,65,154,67,157,69,158,71,157,73,155,74,153,75,151,74,153,72,154,70,153,69,151,255,
76,159,78,158,78,160,81,161,83,163,84,165,86,168,87,170,87,172,89,173,91,173,91,171,89,169,88,167,88,165,90,169,92,171,94,172,96,172,97,170,97,167,98,165,99,167,100,165,101,163,102,160,102,158,103,153,103,151,102,149,103,147,104,145,102,146,99,146,100,149,100,153,99,155,97,159,96,161,95,163,94,165,96,166,94,166,92,164,91,161,90,157,88,154,86,152,84,151,83,153,82,155,82,157,81,155,79,155,80,153,78,152,76,153,74,155,73,157,255,
92,154,90,154,89,152,88,150,89,153,90,155,92,161,93,163,95,161,96,159,97,157,98,154,99,152,99,150,98,148,95,147,93,147,94,149,93,151,92,153,255,
96,146,99,145,102,145,104,144,104,142,102,140,100,140,102,141,102,143,100,143,99,141,99,139,100,137,98,135,96,135,94,136,92,136,89,137,85,137,82,138,78,138,74,137,67,136,65,136,64,138,65,140,65,142,63,143,61,143,62,141,64,141,62,140,60,142,60,144,65,145,68,146,70,146,72,147,74,149,76,151,78,151,80,152,82,153,82,151,85,150,87,150,90,148,93,146,95,146,255,
78,146,78,148,80,147,78,146,255,
84,147,86,147,86,145,84,146,255,
90,139,85,140,82,140,78,140,74,139,76,141,78,141,81,141,84,141,86,141,88,140,90,140,255,
71,133,69,133,67,134,73,136,78,136,80,137,83,136,86,136,89,136,92,135,94,134,96,134,87,133,82,134,78,134,74,133,71,133,255,
65,94,65,92,65,90,63,89,62,91,61,94,59,97,57,99,58,97,59,95,60,93,61,90,61,88,59,86,57,86,56,88,55,91,53,92,52,94,50,96,50,94,53,91,55,88,55,86,54,84,51,83,48,84,46,86,46,84,48,83,50,82,53,82,55,83,58,81,61,81,63,82,65,82,66,79,67,76,65,74,63,74,60,74,57,75,54,76,52,77,50,79,48,80,46,82,44,83,43,86,42,88,42,90,42,93,43,95,46,97,48,99,50,101,53,101,55,102,58,102,60,101,62,100,63,98,64,96,255,
73,131,74,126,74,122,74,120,74,118,73,115,72,113,72,111,71,109,71,107,71,104,71,102,71,99,72,97,71,95,71,93,71,91,69,90,68,93,66,95,65,97,64,99,62,101,60,103,58,103,55,103,53,103,50,102,47,100,45,98,43,96,41,94,41,91,41,88,42,86,42,84,44,82,47,79,50,77,53,76,56,74,58,73,59,71,61,68,63,67,65,65,67,65,69,65,71,67,74,68,76,70,78,68,79,66,81,64,85,62,87,61,88,59,87,57,86,55,80,54,73,53,67,51,65,51,63,49,61,48,61,46,63,45,65,43,66,41,67,39,69,38,73,37,76,35,79,34,82,33,84,33,87,33,89,33,92,34,98,36,105,38,108,39,111,41,113,42,115,45,115,47,119,47,121,47,123,47,122,45,121,42,120,40,120,38,121,36,118,36,116,35,108,33,99,30,96,29,94,27,93,25,93,23,95,22,97,21,99,19,100,16,102,14,104,13,106,13,108,12,111,12,114,10,116,9,118,9,121,8,125,9,128,10,132,12,136,14,139,17,143,20,145,22,146,25,147,28,148,31,148,33,147,35,146,37,144,38,141,39,138,40,136,39,134,40,134,42,134,44,134,46,135,49,137,50,141,51,143,53,145,55,147,57,148,59,149,61,150,63,151,65,152,69,153,73,155,76,157,78,157,81,158,84,158,87,158,90,156,91,156,95,155,98,153,104,152,106,152,109,152,112,152,114,152,116,153,118,154,120,151,119,149,117,147,114,146,112,145,109,145,107,143,106,142,108,140,110,140,107,140,105,139,103,138,101,137,99,136,97,134,96,133,99,132,102,130,104,127,106,124,107,117,109,114,110,110,111,108,112,106,113,102,115,99,117,95,120,91,122,90,125,88,126,89,131,255,
96,45,99,43,101,43,100,45,95,46,93,47,90,48,88,50,87,52,87,54,87,56,89,57,91,57,92,55,94,54,97,52,100,51,102,50,105,49,107,48,113,47,114,45,112,43,109,41,106,40,102,38,94,36,88,35,85,34,83,34,80,35,78,35,75,37,73,38,70,39,68,41,66,43,65,45,63,46,63,48,65,49,67,50,73,51,79,53,82,53,84,53,86,52,86,50,89,47,91,46,93,45,95,45,255,
122,35,123,33,125,31,126,29,128,27,130,26,128,28,127,30,129,29,131,29,133,28,131,29,129,30,127,31,125,33,123,35,122,37,122,39,122,41,123,43,124,46,126,50,128,51,130,52,132,52,134,52,136,53,134,49,133,47,132,44,132,41,134,38,136,37,137,35,139,34,138,36,136,37,138,38,140,38,143,37,145,36,146,34,146,32,146,28,145,26,144,24,142,22,139,18,136,16,134,15,132,13,129,12,126,10,123,9,121,9,118,9,114,11,111,13,109,13,107,13,105,14,103,15,101,16,100,18,99,20,97,22,95,22,93,24,94,26,98,29,102,30,110,32,119,34,121,35,255,
147,88,146,90,144,92,140,94,138,95,140,95,142,95,145,94,148,93,146,94,144,95,142,96,140,96,138,97,138,99,139,101,140,103,141,105,141,107,143,105,145,105,148,112,148,114,150,116,152,118,151,116,151,114,151,112,151,110,151,105,152,103,154,98,154,94,155,91,155,87,157,87,157,85,156,82,156,80,155,78,154,76,153,78,152,80,151,84,151,80,152,77,152,74,152,72,151,68,150,65,149,63,147,60,145,57,143,55,140,53,137,51,138,53,140,55,137,54,134,54,132,54,130,54,128,54,126,55,127,53,129,53,127,52,125,52,123,52,125,51,124,49,122,49,117,48,113,49,109,50,105,51,101,52,98,53,96,55,93,57,90,59,93,60,96,60,99,60,102,61,104,61,107,62,109,63,112,66,115,66,117,66,120,67,123,69,125,72,127,75,129,78,131,82,132,86,133,90,133,92,133,94,140,93,142,92,145,90,147,88,255,
121,107,123,106,125,105,127,104,129,103,131,101,132,99,132,97,132,95,132,92,132,89,131,87,130,84,129,82,128,79,127,77,125,75,122,74,119,74,117,75,114,78,112,80,111,82,110,84,110,87,111,89,113,91,114,94,112,93,112,96,110,95,110,93,108,92,105,94,101,96,99,97,101,95,100,92,102,93,104,93,106,92,108,91,110,91,110,89,107,87,104,84,102,82,101,84,100,86,97,87,94,88,91,87,88,88,88,90,87,93,87,96,87,98,87,100,88,104,88,106,87,108,86,110,88,112,90,112,93,113,95,113,98,113,100,112,103,112,106,111,111,109,116,108,255,
94,66,96,66,98,65,96,64,92,64,89,65,86,66,84,68,82,69,81,73,80,76,80,78,81,82,81,84,82,86,84,87,86,87,89,86,92,86,94,85,93,87,95,87,97,86,99,85,101,84,101,82,99,81,101,80,102,77,102,75,104,72,106,70,109,68,105,67,103,67,100,67,97,67,95,67,255,
105,73,104,75,103,77,103,79,103,81,104,83,106,82,106,80,106,78,108,75,111,73,113,71,115,70,117,69,120,69,118,67,116,67,112,68,110,69,108,70,106,72,255,
49,86,47,87,45,87,45,89,48,87,255,
59,82,57,83,59,85,61,86,63,88,65,88,66,91,66,93,68,91,68,89,68,87,66,85,64,84,62,83,255,
69,85,70,83,71,81,73,78,73,76,73,74,73,72,73,70,71,70,70,68,69,70,70,72,69,74,69,76,68,79,66,82,66,84,68,85,255,
67,66,65,66,63,68,61,70,59,73,62,73,64,73,67,74,68,71,68,69,67,66,255,
74,131,77,132,79,132,83,132,87,132,87,128,86,125,85,118,84,116,81,113,79,111,78,109,77,116,75,123,74,131,255,
87,123,89,123,90,121,92,119,95,119,96,117,94,117,92,117,89,117,87,116,85,115,83,113,80,110,79,108,77,107,74,109,73,111,73,113,76,110,77,108,79,108,80,110,84,115,86,118,87,121,255,
76,88,76,91,76,93,76,95,78,97,79,95,81,93,82,91,82,89,82,87,80,85,80,82,80,79,78,80,77,82,75,83,74,85,76,87,255,
79,74,78,76,78,78,76,81,78,79,79,76,79,74,255,
73,83,74,81,74,79,75,77,76,74,77,72,75,70,74,73,74,75,74,77,74,79,72,82,71,84,69,86,69,88,71,88,73,86,255,
75,80,77,78,77,76,77,74,76,77,75,79,255,
81,68,79,72,81,71,81,69,83,67,85,66,87,65,89,64,91,63,93,63,95,63,98,64,100,65,103,65,105,66,109,67,111,67,110,65,107,64,103,62,100,61,96,61,92,61,88,62,85,63,83,64,80,66,79,69,81,68,255,
76,111,75,114,75,116,75,118,77,111,255,
74,100,75,98,77,98,76,96,74,96,72,97,72,99,72,101,72,103,72,105,72,107,73,109,75,107,75,105,73,106,74,104,74,101,255,
78,100,76,99,75,101,75,103,76,105,78,106,78,104,78,102,78,100,255,
79,103,82,105,81,107,84,109,86,109,87,107,87,104,86,99,86,97,86,95,86,93,84,92,82,93,80,96,82,96,81,98,79,100,255,
88,113,86,112,84,111,81,108,82,111,85,113,88,115,90,116,92,116,95,116,97,116,99,116,103,114,107,112,101,113,99,114,97,114,95,114,93,114,91,114,255,
73,95,74,91,74,89,74,87,72,89,72,91,72,94,255,
75,90,75,92,74,94,75,92,75,89,255,
83,89,83,91,85,91,86,89,84,88,255,
108,78,107,80,106,84,108,86,109,84,111,81,112,78,114,76,116,75,118,74,120,73,123,73,123,71,120,70,117,70,115,71,113,72,109,75,255,

